16 455

0	23	0	0	0	0	0	0	0	0	0	0	0	0	0	0
0	0	25	22	20	0	0	0	0	0	0	0	0	0	0	0
0	0	0	0	0	24	21	24	0	0	0	0	0	0	0	0
0	0	0	0	0	0	0	0	19	22	0	0	0	0	0	0
0	0	0	0	0	0	0	0	19	0	0	0	0	0	0	0
0	0	0	0	0	0	0	0	23	0	0	0	0	0	0	0
0	0	0	0	0	0	0	0	24	0	0	0	0	0	0	0
0	0	0	0	0	0	0	0	0	19	0	21	0	0	0	0
0	0	0	0	0	0	0	0	0	24	0	0	0	0	0	0
0	0	0	0	0	0	0	0	0	0	23	0	0	0	0	0
0	0	0	0	0	0	0	0	0	0	0	0	19	0	0	0
0	0	0	0	0	0	0	0	0	0	0	0	0	20	24	22
0	0	0	0	0	0	0	0	0	0	0	0	0	0	0	0
0	0	0	0	0	0	0	0	0	0	0	0	0	0	0	0
0	0	0	0	0	0	0	0	0	0	0	0	0	0	0	0
0	0	0	0	0	0	0	0	0	0	0	0	0	0	0	0