25 455

0	19	0	0	0	0	0	0	22	17	17	0	18	0	0	0	0	17	20	0	0	0	0	23	0
0	0	21	19	21	20	21	0	0	20	0	0	0	0	0	0	0	21	0	0	0	0	0	17	22
0	0	0	0	0	0	0	22	23	19	0	0	17	0	0	0	0	18	0	0	0	0	0	20	0
0	0	0	0	0	0	0	0	17	22	20	17	22	0	0	0	0	21	16	0	0	0	0	16	0
0	0	0	0	0	0	0	0	20	0	17	22	0	0	0	0	0	19	0	0	0	0	0	19	0
0	0	0	0	0	0	0	0	17	19	0	16	0	0	0	0	0	17	21	0	0	0	0	21	21
0	0	0	0	0	0	0	22	18	0	0	0	19	0	0	0	0	20	19	0	0	0	0	18	18
0	0	0	0	0	0	0	0	0	22	0	0	0	0	0	0	0	0	0	0	0	0	0	23	0
0	0	0	0	0	0	0	0	0	17	20	17	20	0	0	0	0	16	0	0	0	0	0	22	0
0	0	0	0	0	0	0	0	0	0	0	17	22	0	0	0	0	0	0	0	0	0	0	19	0
0	0	0	0	0	0	0	0	0	0	0	0	17	0	0	0	0	20	18	0	0	0	0	17	0
0	0	0	0	0	0	0	0	0	0	0	0	22	0	0	0	0	0	0	0	0	0	0	18	0
0	0	0	0	0	0	0	0	0	0	0	0	0	18	20	20	16	21	0	0	0	0	0	0	0
0	0	0	0	0	0	0	0	0	0	0	0	0	0	0	0	0	21	0	0	0	0	0	16	17
0	0	0	0	0	0	0	0	0	0	0	0	0	0	0	0	0	16	0	0	0	0	0	0	0
0	0	0	0	0	0	0	0	0	0	0	0	0	0	0	0	0	0	20	0	0	0	0	18	21
0	0	0	0	0	0	0	0	0	0	0	0	0	0	0	0	0	20	0	0	0	0	0	0	0
0	0	0	0	0	0	0	0	0	0	0	0	0	0	0	0	0	0	0	0	0	0	0	19	18
0	0	0	0	0	0	0	0	0	0	0	0	0	0	0	0	0	0	0	17	19	23	17	0	0
0	0	0	0	0	0	0	0	0	0	0	0	0	0	0	0	0	0	0	0	0	0	0	23	23
0	0	0	0	0	0	0	0	0	0	0	0	0	0	0	0	0	0	0	0	0	0	0	19	0
0	0	0	0	0	0	0	0	0	0	0	0	0	0	0	0	0	0	0	0	0	0	0	0	0
0	0	0	0	0	0	0	0	0	0	0	0	0	0	0	0	0	0	0	0	0	0	0	0	16
0	0	0	0	0	0	0	0	0	0	0	0	0	0	0	0	0	0	0	0	0	0	0	0	0
0	0	0	0	0	0	0	0	0	0	0	0	0	0	0	0	0	0	0	0	0	0	0	0	0