16 455

0	19	17	0	0	0	0	0	18	0	0	0	0	0	24	0
0	0	20	0	0	0	24	0	21	21	0	19	0	0	0	0
0	0	0	22	23	23	20	23	23	0	0	24	0	0	0	0
0	0	0	0	0	0	0	0	0	23	0	18	0	0	0	0
0	0	0	0	0	0	0	0	20	0	0	0	19	0	0	0
0	0	0	0	0	0	0	22	22	18	0	20	0	0	0	0
0	0	0	0	0	0	0	0	19	24	0	21	20	0	0	0
0	0	0	0	0	0	0	0	21	0	0	17	0	24	0	0
0	0	0	0	0	0	0	0	0	21	23	0	19	0	0	0
0	0	0	0	0	0	0	0	0	0	0	0	0	0	0	17
0	0	0	0	0	0	0	0	0	0	0	21	20	0	0	0
0	0	0	0	0	0	0	0	0	0	0	0	0	17	0	0
0	0	0	0	0	0	0	0	0	0	0	0	0	0	20	0
0	0	0	0	0	0	0	0	0	0	0	0	0	0	0	0
0	0	0	0	0	0	0	0	0	0	0	0	0	0	0	20
0	0	0	0	0	0	0	0	0	0	0	0	0	0	0	0