16 455

0	23	0	0	0	0	0	0	16	20	22	0	17	0	0	0
0	0	23	21	21	19	20	0	0	17	0	0	0	0	0	0
0	0	0	0	0	0	0	21	20	23	0	0	21	0	0	0
0	0	0	0	0	0	0	0	16	21	16	17	23	0	0	0
0	0	0	0	0	0	0	0	21	0	17	18	0	0	0	0
0	0	0	0	0	0	0	0	17	23	0	18	0	0	0	0
0	0	0	0	0	0	0	17	23	0	0	0	20	0	0	0
0	0	0	0	0	0	0	0	0	16	0	0	0	0	0	0
0	0	0	0	0	0	0	0	0	21	22	21	18	0	0	0
0	0	0	0	0	0	0	0	0	0	0	20	18	0	0	0
0	0	0	0	0	0	0	0	0	0	0	0	16	0	0	0
0	0	0	0	0	0	0	0	0	0	0	0	20	0	0	0
0	0	0	0	0	0	0	0	0	0	0	0	0	20	20	22
0	0	0	0	0	0	0	0	0	0	0	0	0	0	0	0
0	0	0	0	0	0	0	0	0	0	0	0	0	0	0	0
0	0	0	0	0	0	0	0	0	0	0	0	0	0	0	0