25 455

0	19	22	0	22	0	0	0	0	0	0	0	0	0	20	0	0	0	0	0	0	19	23	20	0
0	0	24	0	0	20	0	0	0	0	0	0	0	0	22	0	0	0	0	0	0	0	0	0	0
0	0	0	23	0	0	0	0	0	0	0	0	0	0	24	0	0	0	0	0	0	24	0	0	0
0	0	0	0	0	0	0	0	0	0	0	0	0	0	18	0	0	0	0	0	0	0	0	0	0
0	0	0	0	0	0	0	0	0	0	0	0	0	0	23	0	0	0	0	0	0	24	0	24	0
0	0	0	0	0	0	19	20	17	22	23	23	24	20	22	0	0	0	0	0	0	0	0	0	0
0	0	0	0	0	0	0	0	0	0	0	0	0	0	21	0	0	0	0	0	0	20	23	0	0
0	0	0	0	0	0	0	0	0	0	0	0	0	0	18	0	0	0	0	0	0	0	0	20	0
0	0	0	0	0	0	0	0	0	0	0	0	0	0	21	0	0	0	0	0	0	20	24	23	0
0	0	0	0	0	0	0	0	0	0	0	0	0	0	21	0	0	0	0	0	0	18	17	0	0
0	0	0	0	0	0	0	0	0	0	0	0	0	0	21	0	0	0	0	0	0	24	0	0	0
0	0	0	0	0	0	0	0	0	0	0	0	0	0	19	0	0	0	0	0	0	19	21	23	0
0	0	0	0	0	0	0	0	0	0	0	0	0	0	23	0	0	0	0	0	0	0	20	0	0
0	0	0	0	0	0	0	0	0	0	0	0	0	0	23	0	0	0	0	0	0	0	0	0	0
0	0	0	0	0	0	0	0	0	0	0	0	0	0	0	23	0	0	0	0	0	0	0	0	0
0	0	0	0	0	0	0	0	0	0	0	0	0	0	0	0	19	17	21	21	20	0	18	0	0
0	0	0	0	0	0	0	0	0	0	0	0	0	0	0	0	0	0	0	0	0	20	0	0	0
0	0	0	0	0	0	0	0	0	0	0	0	0	0	0	0	0	0	0	0	0	17	0	0	0
0	0	0	0	0	0	0	0	0	0	0	0	0	0	0	0	0	0	0	0	0	0	23	0	0
0	0	0	0	0	0	0	0	0	0	0	0	0	0	0	0	0	0	0	0	0	0	0	0	16
0	0	0	0	0	0	0	0	0	0	0	0	0	0	0	0	0	0	0	0	0	20	17	0	0
0	0	0	0	0	0	0	0	0	0	0	0	0	0	0	0	0	0	0	0	0	0	0	0	0
0	0	0	0	0	0	0	0	0	0	0	0	0	0	0	0	0	0	0	0	0	0	0	18	0
0	0	0	0	0	0	0	0	0	0	0	0	0	0	0	0	0	0	0	0	0	0	0	0	0
0	0	0	0	0	0	0	0	0	0	0	0	0	0	0	0	0	0	0	0	0	0	0	0	0