16 455

0	24	0	0	0	0	0	0	0	0	0	0	0	0	0	0
0	0	21	0	0	0	0	0	0	0	0	0	24	0	0	0
0	0	0	24	22	23	22	25	21	25	0	24	23	0	0	0
0	0	0	0	0	0	0	0	0	0	22	0	24	0	0	0
0	0	0	0	0	0	0	0	0	0	0	0	24	0	0	0
0	0	0	0	0	0	0	0	0	0	0	0	25	0	0	0
0	0	0	0	0	0	0	0	0	0	20	0	0	0	0	0
0	0	0	0	0	0	0	0	0	0	0	25	25	0	0	0
0	0	0	0	0	0	0	0	0	0	0	0	0	0	0	0
0	0	0	0	0	0	0	0	0	0	0	0	0	0	0	0
0	0	0	0	0	0	0	0	0	0	0	0	0	24	24	25
0	0	0	0	0	0	0	0	0	0	0	0	0	0	0	0
0	0	0	0	0	0	0	0	0	0	0	0	0	0	0	0
0	0	0	0	0	0	0	0	0	0	0	0	0	0	0	0
0	0	0	0	0	0	0	0	0	0	0	0	0	0	0	0
0	0	0	0	0	0	0	0	0	0	0	0	0	0	0	0