16 455

0	16	17	20	19	16	19	15	18	16	16	0	0	0	0	0
0	0	0	0	0	0	0	0	0	0	0	16	0	0	0	21
0	0	0	0	0	0	0	0	0	0	0	15	0	0	0	17
0	0	0	0	0	0	0	0	0	0	0	15	0	0	0	20
0	0	0	0	0	0	0	0	0	0	0	15	20	0	0	16
0	0	0	0	0	0	0	0	0	0	0	16	0	0	0	16
0	0	0	0	0	0	0	0	0	0	0	19	0	0	0	19
0	0	0	0	0	0	0	0	0	0	0	20	0	0	0	15
0	0	0	0	0	0	0	0	0	0	0	16	15	0	0	15
0	0	0	0	0	0	0	0	0	0	0	0	0	16	17	0
0	0	0	0	0	0	0	0	0	0	0	17	0	0	0	20
0	0	0	0	0	0	0	0	0	0	0	0	0	0	0	16
0	0	0	0	0	0	0	0	0	0	0	0	0	0	0	16
0	0	0	0	0	0	0	0	0	0	0	0	0	0	0	16
0	0	0	0	0	0	0	0	0	0	0	0	0	0	0	16
0	0	0	0	0	0	0	0	0	0	0	0	0	0	0	0