25 455

0	18	0	0	0	0	0	17	0	0	15	0	0	0	20	18	0	0	0	0	0	0	0	0	0
0	0	17	18	18	19	19	18	0	0	18	0	0	0	15	0	0	0	0	0	0	0	0	0	0
0	0	0	0	0	0	0	0	0	0	17	0	0	0	17	0	0	0	0	0	0	0	0	0	0
0	0	0	0	0	0	0	0	0	0	15	0	0	0	0	0	0	0	0	0	0	0	0	0	0
0	0	0	0	0	0	0	16	0	0	18	0	0	0	15	0	0	0	0	0	0	0	0	0	0
0	0	0	0	0	0	0	16	0	0	0	0	0	0	17	0	0	0	0	0	0	0	0	0	0
0	0	0	0	0	0	0	0	16	19	0	0	0	0	19	21	0	0	0	0	0	0	0	0	0
0	0	0	0	0	0	0	0	0	0	0	16	17	19	20	0	0	0	0	0	0	0	0	0	0
0	0	0	0	0	0	0	0	0	0	15	0	0	0	16	17	0	0	0	0	0	0	0	0	0
0	0	0	0	0	0	0	0	0	0	18	0	0	0	17	0	0	0	0	0	0	0	0	0	0
0	0	0	0	0	0	0	0	0	0	0	0	0	0	0	0	0	0	0	0	0	0	0	0	0
0	0	0	0	0	0	0	0	0	0	0	0	0	0	21	0	0	0	0	0	0	0	0	0	0
0	0	0	0	0	0	0	0	0	0	0	0	0	0	15	0	0	0	0	0	0	0	0	0	0
0	0	0	0	0	0	0	0	0	0	0	0	0	0	15	0	0	0	0	0	0	0	0	0	0
0	0	0	0	0	0	0	0	0	0	0	0	0	0	0	0	0	0	0	0	0	0	0	0	0
0	0	0	0	0	0	0	0	0	0	0	0	0	0	0	0	16	21	16	18	17	18	19	18	0
0	0	0	0	0	0	0	0	0	0	0	0	0	0	0	0	0	0	0	0	0	0	0	0	0
0	0	0	0	0	0	0	0	0	0	0	0	0	0	0	0	0	0	0	0	0	0	0	0	0
0	0	0	0	0	0	0	0	0	0	0	0	0	0	0	0	0	0	0	0	0	0	0	0	0
0	0	0	0	0	0	0	0	0	0	0	0	0	0	0	0	0	0	0	0	0	0	0	0	16
0	0	0	0	0	0	0	0	0	0	0	0	0	0	0	0	0	0	0	0	0	0	0	0	0
0	0	0	0	0	0	0	0	0	0	0	0	0	0	0	0	0	0	0	0	0	0	0	0	0
0	0	0	0	0	0	0	0	0	0	0	0	0	0	0	0	0	0	0	0	0	0	0	0	0
0	0	0	0	0	0	0	0	0	0	0	0	0	0	0	0	0	0	0	0	0	0	0	0	0
0	0	0	0	0	0	0	0	0	0	0	0	0	0	0	0	0	0	0	0	0	0	0	0	0